7.0035 0 1 30.7412 17.5926 0.5392 35.5666 12.5299 0.5392 6.9868 0.0001 5.2236E-02 1.7804E+02 2.0412E+00 1.9412E+00 2.1237E+00 9.5152E-01 1230.6509 1520.1093 0.0000 12.5607 15.5151 0.0000 0.0000 6.1645 6 0 1
7.0035 1 1 10.0930 -0.4062 0.5132 7.4988 -2.1680 0.5099 3.1335 407.9322 1.7765E+02 3.4819E+02 1.6153E+00 -2.1587E+00 2.2549E-01 9.4226E-01 1040.7451 1437.1081 0.0000 315.6142 440.9785 0.0000 1.4273 6.9141 6 1 1
7.0035 2 1 -3.8126 12.3940 0.5140 -9.6081 8.3268 0.5128 7.0710 11.3924 1.3124E+02 1.4528E+02 -2.0159E+00 2.8652E+00 -8.5687E-01 9.4282E-01 1127.6542 -840.2485 0.0000 1761.8790 -2347.9888 0.0000 2.3969 6.1251 4 2 1
7.0035 3 1 18.3252 5.4804 0.5121 13.6313 0.2289 0.5222 7.0373 400.3018 5.0777E+02 1.3941E+02 4.1806E+00 -1.1825E+00 1.5195E-01 9.4277E-01 -1093.9658 -913.5763 0.0000 -34496.6281 -27260.3870 0.0000 2.5386 6.2052 4 1 1
7.0035 4 1 -3.4615 7.2211 0.5030 -7.0208 5.7954 0.5021 3.8339 121.2770 5.4776E+01 6.6145E+01 -1.1729E+00 3.0138E+00 2.6946E-01 9.4205E-01 365.9215 24.6823 0.0000 171.3712 7.1983 0.0000 3.3692 6.7245 4 3 1
7.0035 5 1 -1.4127 8.1478 0.4901 -4.6890 4.2282 0.4414 5.1021 -53.1083 -2.3128E+01 3.9463E+01 -1.8676E-01 2.5023E+00 3.6328E-01 9.4210E-01 -72.0633 -283.7730 0.0000 -2744.1898 -10806.1521 0.0000 3.3774 6.2889 3 2 1
7.0035 6 1 9.8659 14.5030 0.4823 3.8683 11.1488 0.4853 6.8690 0.5347 9.6921E-02 8.5245E+01 -2.2990E+00 4.1118E+00 -2.6490E+00 9.4620E-01 99.6308 -782.1459 0.0000 11.5102 -89.7081 0.0000 3.4622 6.2755 3 2 1
7.0035 7 1 10.5867 4.3662 0.5002 9.7896 0.5352 0.5085 3.9047 67.7845 4.7954E+02 1.4685E+02 3.3126E+00 8.8153E-01 -3.4362E-01 9.4208E-01 -275.0692 -778.6455 0.0000 -7870.8705 -16363.4056 0.0000 3.5883 6.6109 3 1 1
7.0035 8 1 -8.9441 -20.1624 0.4788 -11.6816 -20.3250 0.4780 2.7418 67.3673 2.4593E-01 4.8291E+02 1.3162E-01 -1.5423E+00 3.9406E+00 9.5194E-01 -2330.7530 -418.7034 0.0000 -62.0427 -11.1481 0.0000 4.2199 7.0003 3 4 1
7.0035 9 1 7.2623 -4.2622 0.5617 0.9626 -4.9637 0.5357 6.3363 116.1161 6.2019E+02 2.1570E+02 -1.6381E+00 1.5075E+01 -1.6397E+00 9.4439E-01 66.4259 -871.9595 0.0000 32458.3761 -333466.3041 0.0000 4.2592 6.0945 2 2 1
7.0035 10 1 -12.0582 10.4006 0.5032 -17.2489 5.8902 0.5041 6.8708 2.8266 1.9610E+01 -3.6783E-01 -1.2422E+00 1.3665E+00 2.5203E+00 9.4559E-01 0.0000 0.0000 0.0000 0.0000 0.0000 0.0000 4.3397 6.1890 2 3 1
7.0035 11 1 5.7312 9.6241 0.3592 -1.3568 6.5282 0.4174 7.7312 397.6237 2.4522E+02 1.2430E+02 -1.6494E-01 1.1020E+00 -1.3711E+00 9.4390E-01 -1277.7611 -161.5438 0.0000 -914.3640 -115.6005 0.0000 4.3487 6.1664 2 3 1
7.0035 12 1 12.7865 10.4278 0.5375 7.8411 5.1835 0.5384 7.2060 -0.0045 5.4222E-02 2.2239E+02 2.5096E-01 -2.3474E-01 8.3312E-02 9.4222E-01 -1841.9947 -1607.4833 0.0000 -12.4655 -10.8784 0.0000 4.3946 6.3678 2 2 1
7.0035 13 1 1.6844 -4.1279 0.4991 -2.7084 -5.8909 0.5059 4.7275 14.7925 1.3902E+01 -3.3982E-01 3.0217E-01 -2.0605E+00 6.4518E-01 9.4355E-01 0.0000 0.0000 0.0000 0.0000 0.0000 0.0000 4.4112 6.4159 2 3 1
7.0035 14 1 11.3852 3.2589 0.5114 10.8070 -3.1381 0.5129 6.4169 131.2045 -1.8893E+01 5.3976E+01 1.6317E+00 -1.0256E-01 6.6507E-01 9.4199E-01 -41.4688 238.2018 0.0000 -615.2228 226.2942 0.0000 4.4241 6.1373 2 1 1
7.0035 15 1 13.7230 -13.1808 0.4771 10.3614 -9.2183 0.4547 5.1788 0.0000 0.0000E+00 0.0000E+00 3.4252E-01 -3.1673E+00 1.9473E-01 9.4704E-01 0.0000 0.0000 0.0000 0.0000 0.0000 0.0000 4.7028 6.7093 2 2 1
7.0035 16 1 -7.5099 3.3093 0.5003 -11.7937 1.6811 0.5010 4.5823 128.5188 1.7963E+01 2.3101E+01 -2.4474E+00 6.7702E-01 -3.4551E-01 9.4337E-01 137.3421 29.6050 0.0000 12209.3131 2576.6372 0.0000 5.0407 6.7129 2 4 1
7.0035 17 1 3.4774 -3.7872 0.5120 0.9739 -2.7654 0.5110 2.7024 774.5492 1.2206E+03 2.1943E+02 2.7548E-01 4.4756E+00 -3.0345E-01 9.4180E-01 423.8690 -416.8776 0.0000 5017.5287 -37786.7486 0.0000 5.1192 6.9916 2 2 1
7.0035 18 1 -22.6971 -2.5224 0.5552 -20.4018 -5.8738 0.5520 4.0560 251.0658 5.2980E+02 1.9797E+02 -1.6095E+00 -1.1819E+00 4.6250E-01 9.4933E-01 741.2320 -1010.2729 0.0000 630.9184 -862.3185 0.0000 5.1465 6.9125 2 5 1
7.0035 19 1 -0.1274 9.7142 0.5416 -4.4231 9.1428 0.5474 4.3321 727.1334 1.0509E+01 3.6337E+02 -1.9970E-01 1.7550E+00 3.2803E-01 9.4209E-01 -2531.6681 -336.9696 0.0000 -1074.9701 -138.0044 0.0000 5.1849 6.6675 2 4 1
7.0035 20 1 -4.5284 13.1335 0.4472 -8.8511 12.8927 0.4749 4.3222 123.8988 8.3393E+00 4.4537E+01 2.9769E+00 5.1435E+00 -1.9950E+00 9.4485E-01 -57.9453 -262.8832 0.0000 -13318.9413 -60424.7272 0.0000 5.2004 6.7647 2 3 1
7.0035 21 1 1.5644 -13.0741 0.5031 -5.5833 -13.8580 0.4932 7.1878 0.0000 0.0000E+00 4.1178E-01 1.7978E-01 -2.3460E+00 1.4121E+00 9.4903E-01 0.0000 0.0000 0.0000 0.0000 0.0000 0.0000 5.2155 6.3190 1 3 1
7.0035 22 1 18.0732 -1.1152 0.5433 17.4107 -4.3267 0.5467 3.2770 52.3659 1.2290E+03 4.8639E+02 -2.0109E+00 4.3613E-01 2.1176E-01 9.4373E-01 -518.6866 -2658.3691 0.0000 -334.1247 -1712.5576 0.0000 5.2345 6.8681 2 2 1
7.0035 23 1 12.1920 12.0228 0.5305 8.5253 8.6170 0.5338 5.0021 261.5880 2.2554E+02 3.2785E+02 1.0239E+00 -9.9498E-01 -1.7888E+00 9.4403E-01 -1869.1861 -1720.4079 0.0000 -598.1999 -552.6691 0.0000 5.2547 6.8466 2 3 1
7.0035 24 1 14.0965 -0.6082 0.3974 17.4051 0.2676 0.3730 3.4167 166.3906 5.7848E+01 1.1920E+02 1.2317E+00 -4.7447E+00 1.6445E+00 9.4433E-01 425.0151 -338.6953 0.0000 2059.4352 6217.2837 0.0000 5.2578 6.9448 2 1 1
7.0035 25 1 -15.3116 8.9280 0.4988 -20.7127 4.8930 0.4955 6.7353 2.4985 1.1191E+00 7.1004E-01 -1.7280E+00 2.3448E+00 5.0504E-01 9.4753E-01 5.3542 3.1832 0.0000 143.6034 85.3765 0.0000 5.2661 6.2804 1 4 1
7.0035 26 1 11.3491 6.7139 0.5417 8.9474 4.1588 0.5420 3.5030 -0.0166 2.7852E-02 3.7514E+02 -1.6117E+00 1.2742E+00 -6.4641E-02 9.4218E-01 -164.6429 -2153.0105 0.0000 -1.2943 -16.9264 0.0000 5.2688 6.7902 2 2 1
7.0035 27 1 -0.9049 -1.9375 0.2504 -7.6603 -4.1990 0.5716 7.1221 3029.4212 4.5549E+02 1.0951E+03 7.5563E-01 -5.2440E+00 -2.0421E+00 9.4393E-01 -14188.2369 -6073.1990 0.0000 -5371.1387 -2299.0872 0.0000 5.3305 6.2942 1 3 1
7.0035 28 1 -3.5507 -10.4387 0.4912 -9.4829 -12.8440 0.4829 6.3936 8.2957 1.3671E+00 2.5276E+01 7.0993E-01 -1.4558E+00 9.4273E-01 9.4591E-01 221.0049 92.8610 0.0000 71.3630 30.1680 0.0000 5.4073 6.3279 1 4 1
7.0035 29 1 5.6027 7.5176 0.5162 0.1390 2.3765 0.5065 7.4981 -57.9182 2.1413E+02 5.1566E-01 -5.7946E-01 7.1603E-01 1.4222E+00 9.4159E-01 0.0000 0.0000 0.0000 0.0000 0.0000 0.0000 5.4268 6.2843 1 3 1
7.0035 30 1 9.8168 -1.8472 0.5178 8.3115 -5.7551 0.5154 4.1795 0.1674 7.0551E-01 2.2489E+02 1.6061E+00 -6.0063E-01 3.9375E-01 9.4220E-01 429.9333 1413.5266 0.0000 24.3518 80.0770 0.0000 5.6919 6.5676 1 2 1
7.0035 31 1 8.3655 -5.8395 0.4856 8.2617 -10.8555 0.4790 5.0076 0.0000 0.0000E+00 0.0000E+00 9.2911E-01 2.8260E+00 -2.5226E-02 9.4679E-01 0.0000 0.0000 0.0000 0.0000 0.0000 0.0000 5.7447 6.4982 1 3 1
7.0035 32 1 -3.4625 8.2660 0.5006 -7.9250 6.6014 0.5043 4.7613 236.4441 6.1103E+01 5.5934E+01 1.9706E+00 4.1916E+00 -4.5194E-02 9.4205E-01 -243.7557 -220.8554 0.0000 -26861.9799 -25849.3593 0.0000 5.8685 6.6543 1 5 1
7.0035 33 1 -10.9676 4.9594 0.4643 -14.8598 2.3302 0.4333 4.6959 365.3828 1.9598E+02 2.3527E+00 3.6050E+00 1.6284E+00 8.9879E-01 9.4587E-01 0.0000 0.0000 0.0000 0.0000 0.0000 0.0000 5.8791 6.7632 1 4 1
7.0035 34 1 -11.7211 -5.2199 0.4267 -15.4255 -4.8402 0.4099 3.7232 -65.0270 -1.9148E+00 2.5025E+01 8.5780E-01 -1.5186E+00 4.0716E-01 9.4597E-01 -121.0337 34.7955 0.0000 -7918.2472 2276.3835 0.0000 5.8866 6.8307 1 5 1
7.0035 35 1 5.1029 -2.6473 0.5084 1.8959 -0.7458 0.5164 3.7263 800.3018 1.1973E+03 1.5681E+02 2.7472E+00 4.2583E+00 -3.1289E-01 9.4179E-01 -168.9133 -155.7738 0.0000 -23181.7051 -34500.8842 0.0000 5.9587 6.9281 1 2 1
7.0035 36 1 -12.1252 11.4957 0.4859 -15.9941 11.1737 0.4915 3.8757 -11.7656 8.3805E+00 3.5326E+01 -1.2504E+00 -2.0812E+00 -2.8119E+00 9.4575E-01 30.2648 -84.4040 0.0000 15607.7750 -35889.8146 0.0000 5.9766 6.9246 1 4 1
7.0035 37 1 8.9808 0.0043 0.4944 5.1990 0.4145 0.4676 3.8001 1175.0668 9.7470E+01 7.4715E+00 1.9486E+00 -9.3415E-02 6.1747E-02 9.4190E-01 -31.8561 2.8849 0.0000 -5389.2438 488.0541 0.0000 5.9851 6.9146 1 3 1
7.0035 38 1 15.1174 -7.8099 0.4946 14.8930 -11.0467 0.4795 3.2424 5.4830 3.5953E+02 2.8434E-01 7.4120E+00 -5.6124E-02 1.2835E+00 9.4682E-01 0.0000 0.0000 0.0000 0.0000 0.0000 0.0000 6.0070 6.9879 1 3 1
7.0035 39 1 -18.8633 -14.0559 0.4759 -22.9177 -12.8616 0.4569 4.2260 34.7359 2.9981E+00 5.0627E-02 2.5818E+00 -1.0736E+00 9.3854E-01 9.5037E-01 0.0000 0.0000 0.0000 0.0000 0.0000 0.0000 6.0455 6.6990 1 6 1
7.0035 40 1 19.0547 -0.9428 0.4918 23.0047 -0.5759 0.4925 3.9601 242.2785 3.7060E+00 6.6572E+01 -1.5770E-01 1.2158E+00 8.3318E-01 9.4679E-01 394.7551 52.3583 0.0000 271.2321 37.9050 0.0000 6.0498 6.8304 1 2 1
7.0035 41 1 0.3412 -1.0506 0.5033 -6.5172 0.8321 0.5038 7.1076 39.9469 4.3199E+01 6.2611E+01 -3.6875E-01 -1.1871E+00 5.5751E-01 9.4181E-01 291.6126 577.0711 0.0000 123.1663 265.1441 0.0000 6.0587 4.2592 0 3 1
7.0035 42 1 2.4418 5.9153 0.4795 -0.5391 4.7545 0.4934 3.1978 245.2194 3.4314E+01 4.7693E+01 3.6445E+00 4.8578E+00 -6.3321E-01 9.4188E-01 -187.0301 -135.3414 0.0000 -20648.5072 -15905.5041 0.0000 6.0609 6.9198 1 4 1
7.0035 43 1 -15.6154 -22.4740 0.4455 -19.4711 -21.4136 0.4248 3.9981 509.0734 4.3200E+01 1.7654E+01 9.3096E-01 -3.2922E+00 8.8486E-01 9.5211E-01 -87.9932 31.7555 0.0000 -6290.1866 2270.0383 0.0000 6.0850 6.9760 1 5 1
7.0035 44 1 2.6957 -7.6544 0.4053 -0.2281 -6.1034 0.4913 3.3054 -83.1414 1.6303E+02 1.2436E+02 -4.3600E-01 -3.6482E+01 4.9244E+00 9.4531E-01 177.4637 655.7598 0.0000 119244.5389 440629.5969 0.0000 6.0945 6.9842 1 3 1
7.0035 45 1 -9.9591 10.9392 0.4566 -12.7365 8.4986 0.4563 3.6926 -10.3699 3.8191E+01 1.2755E+02 1.9534E+00 1.7216E+00 -3.0637E+00 9.4420E-01 -430.8205 -538.8018 0.0000 -16484.4823 -20770.8793 0.0000 6.1251 6.9715 1 3 1
7.0035 46 1 11.9472 -0.8581 0.5110 12.6307 -7.4242 0.4780 6.5953 77.0060 -3.6935E+01 1.6340E+00 9.3758E-01 -1.0144E+00 -5.7339E+00 9.4411E-01 0.0000 0.0000 0.0000 0.0000 0.0000 0.0000 6.1373 5.2345 0 2 1
7.0035 47 1 31.8375 12.3745 0.5361 33.4397 9.6259 0.5361 3.1783 29.1096 8.5561E+01 4.5886E+02 5.2954E-01 3.1516E-01 -1.2231E-01 9.5267E-01 1175.2811 -2155.2106 0.0000 72.9827 -133.8394 0.0000 6.1645 6.9986 1 1 1
7.0035 48 1 2.7798 7.2456 0.4824 -2.9420 4.8110 0.4721 6.2156 179.0735 1.3870E+02 -2.7606E-01 6.0156E-01 2.4849E+00 7.2791E-01 9.4197E-01 0.0000 0.0000 0.0000 0.0000 0.0000 0.0000 6.1664 5.1849 0 4 1
7.0035 49 1 -15.6996 4.6797 0.5275 -19.5065 0.0804 0.5275 5.9654 -0.0650 -3.7290E-03 2.0904E+02 -6.6801E-01 5.5076E-01 -5.4481E-01 9.4758E-01 1639.8782 -917.7685 0.0000 5.8013 -3.2467 0.0000 6.1890 5.2661 0 4 1
7.0035 50 1 12.1620 1.2049 0.3891 14.9387 -5.0176 0.4966 6.8078 100.9105 -2.8957E+01 1.8842E+01 -6.2391E-01 -5.5988E+00 -8.8003E-01 9.4371E-01 -122.1568 126.3260 0.0000 -23518.4396 24321.1145 0.0000 6.2052 5.2688 0 2 1
7.0035 51 1 1.2765 14.8017 0.5682 -3.4664 11.4721 0.6001 5.7919 233.5880 -1.5067E+02 -1.5954E+01 -2.3549E+00 3.9174E+00 -3.0930E-01 9.4317E-01 0.7124 -1.3817 0.0000 1193.3516 -2314.3682 0.0000 6.2755 5.2547 0 3 1
7.0035 52 1 -21.2046 4.5954 0.5375 -26.9803 0.5319 0.5117 7.0550 48.3283 4.1567E+01 1.4882E+02 -6.4772E-01 1.5551E+00 -5.7846E+00 9.5152E-01 1177.9471 659.2397 0.0000 661.7643 339.0188 0.0000 6.2804 3.3692 0 5 1
7.0035 53 1 0.4947 4.0512 0.4982 -5.8288 1.6540 0.5035 6.7607 265.1981 1.2533E+02 4.0075E+01 -2.0536E-01 6.5726E-01 1.3105E-01 9.4144E-01 92.3300 -80.0486 0.0000 786.1395 -564.8002 0.0000 6.2843 3.4622 0 4 1
7.0035 54 1 -5.6392 4.6525 0.5273 -8.5952 -0.9955 0.5283 6.3669 42.7189 6.0507E+00 1.9144E+02 -2.0942E+00 1.0260E+00 9.1777E-01 9.4154E-01 634.5875 -1418.7719 0.0000 292.1039 -217.4924 0.0000 6.2889 5.3305 0 3 1
7.0035 55 1 -9.0337 1.1254 0.5471 -14.3132 -3.1067 0.5468 6.7579 -0.0075 -3.2204E-02 2.5948E+02 -3.3823E+00 4.2117E+00 5.1084E-03 9.4385E-01 2090.4677 -1713.3079 0.0000 21.7170 -17.7989 0.0000 6.2942 4.4112 0 4 1
7.0035 56 1 -7.1740 -13.0815 0.4724 -10.6987 -17.5171 0.4755 5.6631 0.0000 0.0000E+00 0.0000E+00 -2.6567E+00 -4.4910E+00 9.0157E-01 9.4801E-01 0.0000 0.0000 0.0000 0.0000 0.0000 0.0000 6.3190 3.3774 0 4 1
7.0035 57 1 -11.9840 -10.7910 0.4735 -14.6202 -16.0608 0.4236 5.8852 0.0000 0.0000E+00 0.0000E+00 -2.7959E+00 1.8541E+00 1.8581E-01 9.4918E-01 0.0000 0.0000 0.0000 0.0000 0.0000 0.0000 6.3279 2.3969 0 5 1
7.0035 58 1 7.5506 4.0416 0.5030 1.0257 1.8938 0.4675 6.8664 242.1943 -3.2010E+01 4.4939E+00 5.6720E-01 4.2237E-02 2.7706E-02 9.4185E-01 -17.2414 27.3480 0.0000 -4016.6608 6371.1471 0.0000 6.3678 5.4268 0 3 1
7.0035 59 1 -2.9378 -3.6002 0.4903 -7.5025 -5.8589 0.5010 5.0865 -186.2709 4.9058E+02 5.1787E+00 1.0193E-01 -4.6445E-01 1.0779E+00 9.4459E-01 -22.2509 46.6330 0.0000 -8091.0031 16956.9464 0.0000 6.4159 5.4073 0 4 1
7.0035 60 1 7.8262 -11.8324 0.4889 7.1089 -16.7408 0.4787 4.9512 0.3795 1.4007E+01 3.8209E+00 -5.6636E-01 -2.6289E+00 -3.7843E-01 9.4955E-01 4.6678 25.1806 0.0000 1256.2717 6777.0500 0.0000 6.4982 2.5386 0 4 1
7.0035 61 1 7.1003 -5.2669 0.5396 6.8926 -10.0264 0.5399 4.7549 -0.2177 1.8303E+02 3.1880E+02 3.0460E+00 -1.5206E-01 -6.9380E-02 9.4449E-01 -32.8636 2393.5296 0.0000 -3.0583 210.9132 0.0000 6.5676 4.7028 0 3 1
7.0035 62 1 11.1828 -2.8141 0.5067 11.5721 -8.3592 0.5070 5.5480 40.7615 8.8386E+01 -9.6631E-02 6.5819E-01 4.8893E-02 -3.9894E-02 9.4408E-01 0.0000 0.0000 0.0000 0.0000 0.0000 0.0000 6.6109 5.6919 0 2 1
7.0035 63 1 -8.8414 6.2659 0.5202 -13.2720 5.6128 0.5180 4.4770 231.1725 3.4692E+01 1.6733E+02 -3.4099E-02 2.8763E-01 3.9574E-02 9.4265E-01 1128.7777 7.3748 0.0000 341.3417 3.0657 0.0000 6.6543 1.4273 0 6 1
7.0035 64 1 -5.3617 9.2871 0.5126 -9.1577 7.4605 0.5107 4.2112 679.2507 1.6133E+02 2.4319E+02 -3.6624E+00 4.1086E+00 -9.0262E-01 9.4284E-01 1276.8514 375.1027 0.0000 22376.3932 4316.0140 0.0000 6.6675 5.8685 0 5 1
7.0035 65 1 -23.8692 -12.5816 0.5029 -26.8824 -11.6975 0.5043 3.1397 35.4493 3.0583E+00 6.1409E+01 -3.6852E-02 -2.9348E-01 -3.5255E-01 9.5228E-01 -265.5707 138.0357 0.0000 -7.2675 3.7778 0.0000 6.6990 0.0000 0 7 1
7.0035 66 1 10.2670 -7.9867 0.4854 10.1861 -3.7205 0.4859 4.2524 0.0000 0.0000E+00 0.0000E+00 2.6281E+00 -4.3043E-01 -7.8205E-01 9.4431E-01 0.0000 0.0000 0.0000 0.0000 0.0000 0.0000 6.7093 5.7447 0 3 1
7.0035 67 1 -12.7750 1.6759 0.4617 -16.3927 -0.5817 0.4852 4.2638 130.4446 1.0362E+01 8.5740E-02 -5.2298E+00 -1.2307E+00 -3.1280E-01 9.4561E-01 0.0000 0.0000 0.0000 0.0000 0.0000 0.0000 6.7129 5.8866 0 5 1
7.0035 68 1 -6.8563 4.6838 0.4932 -11.5710 2.8847 0.4927 5.0458 0.0036 5.6493E-03 5.5275E+01 -1.0737E+00 2.4712E+00 2.1097E+00 9.4346E-01 -107.1836 419.0750 0.0000 -1.7852 6.9798 0.0000 6.7245 5.8791 0 4 1
7.0035 69 1 -15.7477 1.9796 0.5448 -18.5477 -0.4407 0.5293 3.7002 428.2071 3.0380E+02 2.4720E+02 -2.8280E+00 7.9189E-01 -5.5911E+00 9.4748E-01 1005.1858 752.0131 0.0000 15976.2992 10216.7966 0.0000 6.7632 5.0407 0 5 1
7.0035 70 1 -9.8353 12.9643 0.5038 -14.0982 12.9922 0.5041 4.2559 91.7597 -9.1319E-02 1.0320E+02 -1.4556E-01 1.8235E+00 1.8717E+00 9.4585E-01 680.7514 34.8590 0.0000 106.2311 5.4717 0.0000 6.7647 5.9766 0 4 1
7.0035 71 1 8.0514 3.0826 0.4676 4.8157 1.4901 0.4537 3.6025 119.2482 1.1242E+01 5.5171E+01 -6.0115E+00 3.5205E-02 1.2428E+00 9.4213E-01 289.8680 95.2447 0.0000 32327.5901 15839.8625 0.0000 6.7902 5.9851 0 3 1
7.0035 72 1 23.9761 -0.4761 0.4977 28.2991 -0.0671 0.4923 4.3347 230.0425 6.6058E+00 2.1858E-01 1.8408E+00 1.1968E+00 -2.2553E-01 9.4938E-01 0.0000 0.0000 0.0000 0.0000 0.0000 0.0000 6.8304 4.4241 0 3 1
7.0035 73 1 -16.4184 -4.7039 0.5233 -20.3053 -4.2600 0.5278 3.9115 33.5227 8.5726E-01 -1.3778E+00 -1.3543E-01 -1.0022E+00 3.5168E+00 9.4601E-01 0.0000 0.0000 0.0000 0.0000 0.0000 0.0000 6.8307 4.2199 0 6 1
7.0035 74 1 7.8209 7.9652 0.4679 5.3770 4.4533 0.4331 4.2766 310.8965 5.8582E+02 1.1935E+02 -9.6246E-01 -4.6108E+00 -9.5053E-01 9.4260E-01 353.4042 687.2385 0.0000 20902.3495 32536.6824 0.0000 6.8466 6.0609 0 4 1
7.0035 75 1 17.2365 -5.2390 0.5217 16.6465 -8.1510 0.5076 2.9692 59.6037 1.4818E+03 4.7967E+02 -2.4070E+00 -2.3711E+00 -1.1261E+00 9.4609E-01 487.7260 2326.8756 0.0000 6675.5632 31829.7544 0.0000 6.8681 6.0070 0 3 1
7.0035 76 1 -19.8667 -6.6554 0.5411 -17.6024 -9.9477 0.5231 3.9900 252.5507 5.3684E+02 5.5067E+00 1.1804E+00 -4.7062E+00 -2.4937E+00 9.4715E-01 0.0000 0.0000 0.0000 0.0000 0.0000 0.0000 6.9125 6.0455 0 6 1
7.0035 77 1 7.3424 -3.3592 0.4748 4.4773 -3.6023 0.4613 2.8729 -18.2217 8.3320E+02 7.4689E+01 5.4069E+00 3.0564E+00 -7.2006E-01 9.4248E-01 -84.6073 -217.1355 0.0000 -24068.5513 -37150.1544 0.0000 6.9141 5.9587 0 2 1
7.0035 78 1 4.2538 0.5325 0.5191 0.8177 0.9252 0.5113 3.4548 808.1165 6.0176E+01 1.4284E+02 -3.6250E+00 1.4012E+00 -1.0001E+00 9.4128E-01 729.9408 -126.2053 0.0000 36710.7309 -5607.6379 0.0000 6.9146 4.3946 0 4 1
7.0035 79 1 -1.4334 4.3502 0.4937 -5.5219 2.7999 0.4961 4.3711 410.7766 2.0792E+02 9.4884E+01 3.5138E-02 3.7832E-01 1.7559E+00 9.4151E-01 -359.0447 -121.4153 0.0000 -239.6423 -160.7535 0.0000 6.9198 4.3487 0 5 1
7.0035 80 1 -16.8365 12.2006 0.4926 -20.3654 12.5771 0.4860 3.5431 -0.0001 -1.5784E-05 7.9331E-02 -1.3659E+00 5.0422E-01 4.9625E-01 9.5057E-01 0.0000 0.0000 0.0000 0.0000 0.0000 0.0000 6.9246 4.3397 0 5 1
7.0035 81 1 1.0530 -0.3193 0.5050 -2.8031 1.7626 0.5059 4.3797 877.1573 3.0242E+02 3.3218E+01 -3.6887E+00 -4.9180E-01 -1.6665E-01 9.4139E-01 188.0653 -46.9960 0.0000 24532.1309 -3965.2149 0.0000 6.9281 5.1192 0 3 1
7.0035 82 1 18.3587 0.4482 0.5068 21.6665 1.1393 0.4948 3.3733 380.5064 1.4269E+01 2.5158E+02 1.4457E+00 -1.2723E+00 -6.0088E-01 9.4661E-01 -1323.2460 -248.4121 0.0000 -9623.8942 -1754.1807 0.0000 6.9448 6.0498 0 2 1
7.0035 83 1 -13.4908 7.8458 0.4527 -16.0829 5.6084 0.4532 3.4197 115.7558 -4.6692E+01 -3.1364E-01 -3.1634E+00 -1.3394E+00 -4.1070E+00 9.4455E-01 0.0000 0.0000 0.0000 0.0000 0.0000 0.0000 6.9715 5.2004 0 4 1
7.0035 84 1 -20.3800 -21.1261 0.4958 -23.1367 -20.3452 0.4867 2.8646 743.2026 6.8874E+01 7.3780E+02 -2.2185E+00 -2.0018E+00 -1.3109E+01 9.5327E-01 3278.2900 -712.4713 0.0000 19078.8104 -4121.2828 0.0000 6.9760 5.1465 0 6 1
7.0035 85 1 -1.1677 -7.0409 0.4743 -4.9576 -8.4441 0.4920 4.0386 -0.0006 -1.8151E-02 -1.3716E-01 7.3269E-02 -7.4082E-01 1.4964E+00 9.4377E-01 0.0000 0.0000 0.0000 0.0000 0.0000 0.0000 6.9842 5.2155 0 4 1
7.0035 86 1 14.8556 -12.0150 0.4740 14.5628 -15.7411 0.4545 3.7352 6.1411 3.5645E+02 -4.1316E-02 8.5629E+00 -3.3484E+00 1.2889E+00 9.5100E-01 0.0000 0.0000 0.0000 0.0000 0.0000 0.0000 6.9879 3.5883 0 4 1
7.0035 87 1 0.0112 -2.3090 1.9755 -2.7754 -1.1579 1.1882 3.1138 -0.3199 2.1022E-02 8.3307E+02 -5.3552E+00 1.1859E+01 1.0229E+02 9.2607E-01 0.0000 0.0000 0.0000 0.0000 0.0000 0.0000 6.9916 6.0587 0 3 1
7.0035 88 1 33.9375 8.7749 0.5251 35.6271 5.8763 0.5251 3.3517 28.2147 8.6052E+01 -2.3978E-02 8.9789E-01 4.1195E-01 -4.4432E+00 9.5343E-01 0.0000 0.0000 0.0000 0.0000 0.0000 0.0000 6.9986 5.2578 0 2 1
7.0035 89 1 -12.6698 -20.3873 0.4752 -16.5352 -20.6181 0.4728 3.8715 67.5270 8.5353E-02 1.8164E+02 1.2359E-01 -1.5937E+00 1.3322E+00 9.5114E-01 1116.6365 94.7284 0.0000 118.2618 10.2892 0.0000 7.0003 6.0850 0 5 1
